05-Working-with-time-series/star_5.ecsv
# %ECSV 1.0
# ---
# datatype:
# - {name: id, datatype: int64}
# - {name: xcenter, datatype: float64}
# - {name: ycenter, datatype: float64}
# - {name: aperture_sum, datatype: float64}
# - {name: annulus_sum, datatype: float64}
# - {name: RA, datatype: float64}
# - {name: Dec, datatype: float64}
# - {name: sky_per_pix_avg, datatype: float64}
# - {name: sky_per_pix_med, datatype: float64}
# - {name: sky_per_pix_std, datatype: float64}
# - {name: fwhm_x, datatype: float64}
# - {name: fwhm_y, datatype: float64}
# - {name: width, datatype: float64}
# - {name: aperture, datatype: float64}
# - {name: aperture_area, datatype: float64}
# - {name: annulus_inner, datatype: float64}
# - {name: annulus_outer, datatype: float64}
# - {name: annulus_area, datatype: float64}
# - {name: exposure, datatype: float64}
# - {name: date-obs, datatype: string}
# - {name: night, datatype: int64}
# - {name: aperture_net_flux, datatype: float64}
# - {name: BJD, datatype: float64}
# - {name: mag_inst, datatype: float64}
# - {name: airmass, datatype: float64}
# - {name: filter, datatype: string}
# - {name: file, datatype: string}
# - {name: star_id, datatype: int64}
# - {name: mag_error, datatype: float64}
# - {name: noise, datatype: float64}
# - {name: noise-aij, datatype: float64}
# - {name: snr, datatype: float64}
# - {name: relative_flux, datatype: float64}
# - {name: relative_flux_error, datatype: float64}
# - {name: relative_flux_snr, datatype: float64}
# - {name: comparison counts, datatype: float64}
# - {name: comparison error, datatype: float64}
# schema: astropy-2.0
id xcenter ycenter aperture_sum annulus_sum RA Dec sky_per_pix_avg sky_per_pix_med sky_per_pix_std fwhm_x fwhm_y width aperture aperture_area annulus_inner annulus_outer annulus_area exposure date-obs night aperture_net_flux BJD mag_inst airmass filter file star_id mag_error noise noise-aij snr relative_flux relative_flux_error relative_flux_snr "comparison counts" "comparison error"
[from data line 56]
5 2875.941093812191 3959.8236113849794 10498.673062101007 28662.09709806461 247.86050586146715 12.322163913670266 9.657040801234707 9.614619255065918 7.648628989871562 12.675521114396773 12.675521114396773 12.675521114396773 9.0 254.46900494077323 24.0 39.0 2968.8050576423543 60.0 2023-06-20T06:41:48.048 60114 8041.255498738363 2460115.7846529013 -5.758159675145089 1.313 rp DY-Her-S001-R057-C001-rp.fit 5 0.01885092200349532 209.42252756998386 139.61501837998924 57.595920496550974 0.002146653059768401 3.730082707707388e-05 57.549744281348474 3745950.218712064 2605.912578994573
5 2870.181333125213 3961.045050880308 10718.721002161503 29928.81662692409 247.86050441663798 12.322147948262318 10.087231758316175 9.977884292602539 7.689074459453982 12.503428882168597 12.503428882168597 12.503428882168597 9.0 254.46900494077323 24.0 39.0 2968.8050576423543 60.0 2023-06-20T06:43:25.640 60114 8151.833174015819 2460115.7857823996 -5.772988229982657 1.316 rp DY-Her-S001-R058-C001-rp.fit 5 0.018668028337802692 210.24257825716614 140.16171883811077 58.16019696099282 0.0021779391845796804 3.747801478791217e-05 58.112447975289605 3742911.2951053493 2609.368088905544
5 2875.888546301589 3959.3105875519927 10895.76765587926 29404.427029353566 247.86052686196504 12.32213756256108 9.910491078312628 9.978761672973633 7.523494462115113 12.330540449511256 12.330540449511256 12.330540449511256 9.0 254.46900494077323 24.0 39.0 2968.8050576423543 60.0 2023-06-20T06:45:03.350 60114 8373.854852706634 2460115.786913264 -5.802163593741968 1.32 rp DY-Her-S001-R059-C001-rp.fit 5 0.018226396205967027 210.8595010654878 140.5730007103252 59.569439439956184 0.0022170225212220893 3.724901727950061e-05 59.51895333470158 3777072.525222123 2612.144371962783
5 2869.94133617637 3960.1523666609496 10917.596156261861 29223.066917073913 247.86049718476573 12.322154338518937 9.836104650647565 9.838250160217285 7.572113745613053 12.299311442580727 12.299311442580727 12.299311442580727 9.0 254.46900494077323 24.0 39.0 2968.8050576423543 60.0 2023-06-20T06:46:46.829 60114 8414.612393318264 2460115.7881108965 -5.807435310778171 1.324 rp DY-Her-S001-R060-C001-rp.fit 5 0.018144294910113462 210.9313589924851 140.62090599499007 59.83898577369466 0.0022390700219553504 3.745060739450333e-05 59.78728190891722 3758083.628831712 2612.45120014167
5 2872.665900278569 3968.193716616081 11439.947266608477 31154.565983002074 247.86054329202747 12.322175541790727 10.486222141703829 10.408547401428223 7.7598020462348165 12.499095035274124 12.499095035274124 12.499095035274124 9.0 254.46900494077323 24.0 39.0 2968.8050576423543 60.0 2023-06-20T06:48:29.579 60114 8771.5287526212 2460115.789300092 -5.852538249954815 1.327 rp DY-Her-S001-R061-C001-rp.fit 5 0.017562716821718227 212.83053130181673 141.88702086787782 61.82051535770182 0.0023065021667809946 3.734351485958658e-05 61.764463668017164 3802957.0832196265 2621.363978224189
5 2874.0546214769665 3967.73015629577 11316.106216907501 30187.215548111126 247.86049182501364 12.322150839055823 10.181185682330902 9.964144706726074 7.726450166905924 12.664769695239652 12.664769695239652 12.664769695239652 9.0 254.46900494077323 24.0 39.0 2968.8050576423543 60.0 2023-06-20T06:50:06.809 60114 8725.31002720751 2460115.7904254007 -5.846802189759103 1.331 rp DY-Her-S001-R062-C001-rp.fit 5 0.01761755879229594 212.37018026676785 141.58012017784523 61.62807332164467 0.0023518221134848534 3.8197406120411626e-05 61.570204690629645 3710021.2542345007 2610.6649149061795
5 2877.761718924699 3966.017816634488 11711.679583668709 32007.833789565484 247.86052724489545 12.322195716307492 10.809805400055888 10.8228120803833 7.973109887745672 12.5432722159972 12.5432722159972 12.5432722159972 9.0 254.46900494077323 24.0 39.0 2968.8050576423543 60.0 2023-06-20T06:51:38.609 60114 8960.91915991309 2460115.7914878647 -5.875731420167 1.335 rp DY-Her-S001-R063-C001-rp.fit 5 0.017270700794269633 213.81071148746068 142.5404743249738 62.86578743580828 0.002387412120123706 3.801287617042903e-05 62.80535336026273 3753402.7260650634 2619.8284992985396
5 2873.6474221319068 3966.803938208819 11567.256573140621 31666.19768660143 247.86052479705927 12.322158789698126 10.658430725884022 10.6852445602417 7.698696677528615 12.750173121958529 12.750173121958529 12.750173121958529 9.0 254.46900494077323 24.0 39.0 2968.8050576423543 60.0 2023-06-20T06:53:16.730 60114 8855.01631209475 2460115.7926234854 -5.86282343556484 1.339 rp DY-Her-S001-R064-C001-rp.fit 5 0.017434843439548247 213.29189679552672 142.1945978636845 62.27392914450698 0.0024133871264121164 3.8792394132533045e-05 62.212894573272585 3669123.8695961474 2610.5098692386623
5 2877.4393766988514 3965.729711217425 11613.498547077179 31383.400911112316 247.86053479186424 12.322150378769276 10.56680165357317 10.350995063781738 7.704206931790678 12.527576799666472 12.527576799666472 12.527576799666472 9.0 254.46900494077323 24.0 39.0 2968.8050576423543 60.0 2023-06-20T06:54:47.840 60114 8924.575044885896 2460115.7936779633 -5.871318886146282 1.342 rp DY-Her-S001-R065-C001-rp.fit 5 0.017311568228685067 213.4474135016465 142.29827566776433 62.717380115855 0.0024160334637567684 3.856043754092059e-05 62.65575853989877 3693895.460789184 2612.7890648944035
5 2874.595671576687 3965.7955944547507 11555.001607179642 31714.88444707822 247.86050329220265 12.322170520902263 10.674818056909531 10.52374267578125 7.689096973160056 12.513139027376374 12.513139027376374 12.513139027376374 9.0 254.46900494077323 24.0 39.0 2968.8050576423543 60.0 2023-06-20T06:56:25.730 60114 8838.591278314074 2460115.7948109107 -5.86080765004778 1.346 rp DY-Her-S001-R066-C001-rp.fit 5 0.017463816773922707 213.25005730660186 142.1667048710679 62.17061362102935 0.0023917055561519136 3.8507258392153407e-05 62.11051256350334 3695518.14418776 2615.584281115423
5 2876.896986534226 3964.028563932222 11719.913059353828 32824.78140142094 247.86047392869577 12.322178261405089 11.063060914234319 11.115439891815186 7.614234071715856 12.588724076499137 12.588724076499137 12.588724076499137 9.0 254.46900494077323 24.0 39.0 2968.8050576423543 60.0 2023-06-20T06:57:57.570 60114 8904.70695690946 2460115.795873837 -5.868899101506363 1.35 rp DY-Her-S001-R067-C001-rp.fit 5 0.01738364672194061 213.85896388338764 142.5726425889251 62.45733259349132 0.0024147378628249453 3.870011521331195e-05 62.39614144596476 3687649.5349652786 2615.4901448497067
5 2875.9618906154715 3964.184197221294 11327.932695746422 33131.94712390355 247.86049717710472 12.322161185336393 11.181892380662688 11.296518325805664 7.5860813317517675 13.101847174448661 13.101847174448661 13.101847174448661 9.0 254.46900494077323 24.0 39.0 2968.8050576423543 60.0 2023-06-20T06:59:35.590 60114 8482.487668284373 2460115.797008289 -5.816158114046828 1.354 rp DY-Her-S001-R068-C001-rp.fit 5 0.018132023370402102 212.48899677313406 141.65933118208937 59.8794840939984 0.00234272100174467 3.916030058658855e-05 59.82387690218585 3620784.4049578677 2607.7665844842672
5 2873.4341928352524 3965.0532173370375 11936.11984717846 33573.57319079607 247.86051734175177 12.322151648598222 11.338592769603537 11.284502029418945 7.716520199008645 12.503768287322215 12.503768287322215 12.503768287322215 9.0 254.46900494077323 24.0 39.0 2968.8050576423543 60.0 2023-06-20T07:01:18.620 60114 9050.7994276688 2460115.798200725 -5.886567373475379 1.359 rp DY-Her-S001-R069-C001-rp.fit 5 0.017165261535704596 214.63685916664323 143.09123944442882 63.25194653991229 0.002449672701822466 3.8767688681118294e-05 63.18851562114336 3694697.4266951415 2617.944093168142
5 2875.8886770565846 3964.1601890930206 11872.009013652802 32651.241026636417 247.86050610795922 12.322163619065003 11.001091990106609 10.805336952209473 7.765590808499732 12.686246701882371 12.686246701882371 12.686246701882371 9.0 254.46900494077323 24.0 39.0 2968.8050576423543 60.0 2023-06-20T07:02:49.670 60114 9072.572081668462 2460115.7992545087 -5.8891760900799595 1.363 rp DY-Her-S001-R070-C001-rp.fit 5 0.017104131228291502 214.38696998640364 142.92464665760244 63.47800952346014 0.002476422951825983 3.905227418431389e-05 63.41302788508759 3663579.3877531416 2613.4525449168123
5 2877.885520991053 3963.28794963532 11698.746844649315 33835.36332522053 247.86048952857072 12.322148709260784 11.411589654374547 11.256230354309082 7.65307645114338 12.917134518571173 12.917134518571173 12.917134518571173 9.0 254.46900494077323 24.0 39.0 2968.8050576423543 60.0 2023-06-20T07:04:21.190 60114 8794.850980508201 2460115.8003137317 -5.85542123466258 1.367 rp DY-Her-S001-R071-C001-rp.fit 5 0.017596869397777756 213.8113890338406 142.5409260225604 61.70053209220917 0.0024389212256954633 3.9567754087481676e-05 61.639111997693135 3606041.4284189646 2609.708588133768
5 2869.2381147202223 3965.032976681671 12004.872820079327 35286.78883495927 247.86052015454567 12.322154030228818 11.905124438245368 11.617683410644531 7.707065808859732 12.743486156078397 12.743486156078397 12.743486156078397 9.0 254.46900494077323 24.0 39.0 2968.8050576423543 60.0 2023-06-20T07:05:58.960 60114 8975.387650582947 2460115.80144529 -5.877483059199684 1.371 rp DY-Her-S001-R072-C001-rp.fit 5 0.017332326646705726 214.9200926859287 143.28006179061913 62.642265353703145 0.0024407132704456712 3.900158464944446e-05 62.57984880315464 3677362.580547633 2622.5566965596963
5 2870.6758157218455 3964.2417181446235 11929.370616436005 35770.762653635815 247.86053295144114 12.322151403278598 12.035922830967635 11.769464015960693 7.868583991060236 12.854035087435422 12.854035087435422 12.854035087435422 9.0 254.46900494077323 24.0 39.0 2968.8050576423543 60.0 2023-06-20T07:07:36.450 60114 8866.601310095735 2460115.802573608 -5.864242973422123 1.376 rp DY-Her-S001-R073-C001-rp.fit 5 0.017524272429653126 214.66642104364152 143.11094736242768 61.95613594563885 0.002466926824944726 3.9857749858940106e-05 61.89327881466931 3594189.0211090473 2615.1545242505968
5 2872.104666002762 3963.2638146941736 12307.041450500488 35877.16782365134 247.8605154476223 12.322148139123664 12.100225235632829 12.081395149230957 7.608254733132555 12.894017881908535 12.894017881908535 12.894017881908535 9.0 254.46900494077323 24.0 39.0 2968.8050576423543 60.0 2023-06-20T07:09:08.160 60114 9227.909175229768 2460115.80363503 -5.907608300105657 1.38 rp DY-Her-S001-R074-C001-rp.fit 5 0.01694169614007796 215.98676437474998 143.99117624983333 64.08662958082093 0.0025194368826602404 3.935436907454445e-05 64.01924213009136 3662687.181703135 2622.9855597441783
5 2877.100455337304 3962.1464830997743 12134.654798984528 37592.74299231358 247.86048612119265 12.322167672906557 12.653228876578115 12.603553771972656 7.7554886415928985 13.097776056716228 13.097776056716228 13.097776056716228 9.0 254.46900494077323 24.0 39.0 2968.8050576423543 60.0 2023-06-20T07:10:39.969 60114 8914.800237473837 2460115.8046975974 -5.870129061592905 1.384 rp DY-Her-S001-R075-C001-rp.fit 5 0.017491468462376755 215.42932779260474 143.61955186173648 62.07233013828212 0.002499912185680043 4.03158862859924e-05 62.008116799075005 3566045.3549286462 2615.197989517814
5 2875.6968404339545 3962.0951072248063 12426.852882266045 37392.630528331385 247.86052708648174 12.322142192058806 12.602841431860933 12.662382125854492 7.7992093578007395 12.668001819640633 12.668001819640633 12.668001819640633 9.0 254.46900494077323 24.0 39.0 2968.8050576423543 60.0 2023-06-20T07:12:16.928 60114 9219.820363674044 2460115.80581977 -5.906656170348571 1.389 rp DY-Her-S001-R076-C001-rp.fit 5 0.016992172801310535 216.4403932950607 144.29359553004045 63.89625492251713 0.002530119291763146 3.963917914254536e-05 63.828750909918035 3644025.9531198204 2623.5688861552453
5 2873.0385478876833 3962.883670200643 12458.481527537107 36844.82490480668 247.8604939570054 12.322168045465343 12.401489365468422 12.299201965332031 7.876320156995191 12.764834335789116 12.764834335789116 12.764834335789116 9.0 254.46900494077323 24.0 39.0 2968.8050576423543 60.0 2023-06-20T07:13:54.740 60114 9302.686868922778 2460115.8069518143 -5.916371028499183 1.394 rp DY-Her-S001-R077-C001-rp.fit 5 0.01684815178484028 216.53475262131218 144.35650174754144 64.44245154396873 0.0025283635795229514 3.927603945872909e-05 64.37419898662982 3679331.1469381303 2629.8468059112474
