05-Working-with-time-series/star_5.ecsv
# %ECSV 1.0
# ---
# datatype:
# - {name: id, datatype: int64}
# - {name: xcenter, datatype: float64}
# - {name: ycenter, datatype: float64}
# - {name: aperture_sum, datatype: float64}
# - {name: annulus_sum, datatype: float64}
# - {name: RA, datatype: float64}
# - {name: Dec, datatype: float64}
# - {name: sky_per_pix_avg, datatype: float64}
# - {name: sky_per_pix_med, datatype: float64}
# - {name: sky_per_pix_std, datatype: float64}
# - {name: fwhm_x, datatype: float64}
# - {name: fwhm_y, datatype: float64}
# - {name: width, datatype: float64}
# - {name: aperture, datatype: float64}
# - {name: aperture_area, datatype: float64}
# - {name: annulus_inner, datatype: float64}
# - {name: annulus_outer, datatype: float64}
# - {name: annulus_area, datatype: float64}
# - {name: exposure, datatype: float64}
# - {name: date-obs, datatype: string}
# - {name: night, datatype: int64}
# - {name: aperture_net_flux, datatype: float64}
# - {name: BJD, datatype: float64}
# - {name: mag_inst, datatype: float64}
# - {name: airmass, datatype: float64}
# - {name: filter, datatype: string}
# - {name: file, datatype: string}
# - {name: star_id, datatype: int64}
# - {name: mag_error, datatype: float64}
# - {name: noise, datatype: float64}
# - {name: noise-aij, datatype: float64}
# - {name: snr, datatype: float64}
# - {name: relative_flux, datatype: float64}
# - {name: relative_flux_error, datatype: float64}
# - {name: relative_flux_snr, datatype: float64}
# - {name: comparison counts, datatype: float64}
# - {name: comparison error, datatype: float64}
# schema: astropy-2.0
id xcenter ycenter aperture_sum annulus_sum RA Dec sky_per_pix_avg sky_per_pix_med sky_per_pix_std fwhm_x fwhm_y width aperture aperture_area annulus_inner annulus_outer annulus_area exposure date-obs night aperture_net_flux BJD mag_inst airmass filter file star_id mag_error noise noise-aij snr relative_flux relative_flux_error relative_flux_snr "comparison counts" "comparison error"
[from data line 28]
5 2873.903456418937 3962.9876288703927 6024.446398310363 21766.9746229765 247.86048059266867 12.322128135310459 7.31909032379842 7.093033790588379 7.64002793945169 13.500538219878484 13.500538219878484 13.500538219878484 9.0 254.46900494077323 24.0 39.0 2968.8050576423543 60.0 2023-06-20T05:55:58.380 60114 4161.964766541738 2460115.7528291224 -5.043096020018039 1.244 rp DY-Her-S001-R029-C001-rp.fit 5 0.03348464814000506 192.53561565456187 128.35707710304123 32.42489514778087 0.0010634846899779267 3.2806029632643084e-05 32.41735442803247 3913516.3916916586 2603.433233800092
5 2875.9039705989762 3961.080576230936 5890.467758700252 22254.741895980624 247.86047066299253 12.322123431676502 7.488136573344759 7.396920204162598 7.5814977239866606 13.362196965610304 13.362196965610304 13.362196965610304 9.0 254.46900494077323 24.0 39.0 2968.8050576423543 60.0 2023-06-20T05:57:29.550 60114 3984.9690960205994 2460115.753884295 -4.99591241601057 1.246 rp DY-Her-S001-R030-C001-rp.fit 5 0.03487958644923734 192.02740975491787 128.01827316994525 31.12812723798049 0.001032361831316153 3.317219033451282e-05 31.121304348783656 3860050.7836871324 2596.7736099082845
5 2870.8211986805704 3962.1481282975296 6001.971827715635 21899.093077944468 247.86049958557226 12.322140594800816 7.385866130841305 7.182620048522949 7.3341611144241705 13.315399670503272 13.315399670503272 13.315399670503272 9.0 254.46900494077323 24.0 39.0 2968.8050576423543 60.0 2023-06-20T05:59:07.339 60114 4122.49782277469 2460115.7550160736 -5.032751109058999 1.247 rp DY-Her-S001-R031-C001-rp.fit 5 0.033790836808153195 192.45372475814196 128.30248317209464 32.13108367704078 0.001055607151808021 3.286068581647074e-05 32.123710311576026 3905333.3578820154 2604.3100389701035
5 2873.897207447578 3960.77805323624 5437.119418308139 23038.528915829025 247.86058290228354 12.322227738725154 7.762307586195763 7.533347845077515 7.60930751541138 13.885259184453682 13.885259184453682 13.885259184453682 9.0 254.46900494077323 24.0 39.0 2968.8050576423543 60.0 2023-06-20T06:00:39.219 60114 3461.852730804688 2460115.7560794638 -4.843121493671752 1.249 rp DY-Her-S001-R032-C001-rp.fit 5 0.03978318908994941 190.2721045272143 126.84806968480954 27.291331585941002 0.0010045516339472248 3.6815935407621335e-05 27.285783257303052 3446167.0399179896 2546.604772590788
5 2872.1406178296024 3949.150513036574 6138.254078979604 23097.05134298565 247.86050970131268 12.322124353507329 7.782025385102982 7.552574634552002 7.443239049459623 13.477848732378957 13.477848732378957 13.477848732378957 9.0 254.46900494077323 24.0 39.0 2968.8050576423543 60.0 2023-06-20T06:02:17.088 60114 4157.969822808611 2460115.757212168 -5.0420533542773915 1.251 rp DY-Her-S001-R033-C001-rp.fit 5 0.03360073646102685 193.0176698341214 128.67844655608093 32.31286928068777 0.0010783321255249246 3.3379530811355794e-05 32.30519121491287 3855926.8748341706 2601.8593914432704
5 2870.763516757101 3956.8557147448514 6284.811033546925 23061.34748645268 247.86054106959241 12.322195258961788 7.758504349866947 7.776002883911133 7.7006477933540145 13.494356419389163 13.494356419389163 13.494356419389163 9.0 254.46900494077323 24.0 39.0 2968.8050576423543 60.0 2023-06-20T06:03:59.679 60114 4310.512151807622 2460115.758399524 -5.08117220606671 1.253 rp DY-Her-S001-R034-C001-rp.fit 5 0.032506809922410174 193.5843143229938 129.05620954866254 33.40026928485204 0.0011113681990802685 3.328260921745376e-05 33.39185914839438 3878563.517810622 2606.420620363938
5 2871.7781884320866 3959.9813232127362 6759.950712502003 23496.56406803784 247.86052976647167 12.322173759040243 7.938028401364135 7.89430046081543 7.568947828031911 13.124818703064054 13.124818703064054 13.124818703064054 9.0 254.46900494077323 24.0 39.0 2968.8050576423543 60.0 2023-06-20T06:05:42.658 60114 4739.968524015274 2460115.75959137 -5.1842886660067276 1.255 rp DY-Her-S001-R035-C001-rp.fit 5 0.029843665319933328 195.43149653611792 130.28766435741196 36.38079282020394 0.0012248802865597941 3.367842308658905e-05 36.36988238465205 3869740.231780509 2605.59741845838
5 2877.8037325635682 3963.213614810056 6718.850023925304 24465.23230253074 247.86052257205466 12.322165157911423 8.243002797348632 8.069403171539307 7.585005805376776 13.37842260399412 13.37842260399412 13.37842260399412 9.0 254.46900494077323 24.0 39.0 2968.8050576423543 60.0 2023-06-20T06:07:25.239 60114 4621.261304359988 2460115.7607786097 -5.156751336524351 1.257 rp DY-Her-S001-R036-C001-rp.fit 5 0.030589551472248355 195.2992493279195 130.19949955194633 35.493694831877754 0.0012048340240928218 3.3954872051056184e-05 35.48339167001352 3835599.9348869324 2604.3617723752427
5 2876.113722711644 3961.987358359866 6883.056381866336 24853.80721246716 247.8605021905852 12.322123426506208 8.371103810194395 8.152397155761719 7.35983036839817 13.249931535454516 13.249931535454516 13.249931535454516 9.0 254.46900494077323 24.0 39.0 2968.8050576423543 60.0 2023-06-20T06:09:08.730 60114 4752.8699250302525 2460115.7619763818 -5.187239843754777 1.259 rp DY-Her-S001-R037-C001-rp.fit 5 0.0298400250309908 195.93952501373863 130.6263500091591 36.38523104026865 0.001233987688015653 3.392480642195235e-05 36.37419983086931 3851634.802510252 2607.2503106795757
5 2874.689631550854 3962.781361263775 7076.340782135725 25103.258749047924 247.86052104862125 12.322202513198576 8.44658773521128 8.270653247833252 7.694553935435297 13.361788070426837 13.361788070426837 13.361788070426837 9.0 254.46900494077323 24.0 39.0 2968.8050576423543 60.0 2023-06-20T06:10:45.920 60114 4926.946006011571 2460115.7631012276 -5.226294528940474 1.261 rp DY-Her-S001-R038-C001-rp.fit 5 0.028895142420778976 196.68424874418622 131.12283249612415 37.57504251715434 0.0012896149746605128 3.433230155157459e-05 37.56273003495645 3820478.284465155 2603.532910258033
5 2878.568064819997 3960.450313997885 7464.786547504365 25536.696265208535 247.86053867747103 12.322193317956092 8.575116274415223 8.459722518920898 7.751232248346637 13.03992326224546 13.03992326224546 13.03992326224546 9.0 254.46900494077323 24.0 39.0 2968.8050576423543 60.0 2023-06-20T06:12:17.190 60114 5282.685241902493 2460115.7641575574 -5.301986858932541 1.263 rp DY-Her-S001-R039-C001-rp.fit 5 0.027152976521540563 198.1705514887024 132.11370099246827 39.9859000407812 0.0013703650026239936 3.428375353986757e-05 39.97126513671953 3854947.573666238 2609.079663582923
5 2876.710314783823 3960.649798525158 7718.035971939564 26556.466080185957 247.86051005841983 12.322181040218355 8.941571070769683 8.652764797210693 7.694125630551628 13.230426548515867 13.230426548515867 13.230426548515867 9.0 254.46900494077323 24.0 39.0 2968.8050576423543 60.0 2023-06-20T06:14:00.020 60114 5442.683278953598 2460115.765347679 -5.334382678065813 1.265 rp DY-Her-S001-R040-C001-rp.fit 5 0.026485924607376244 199.1568002305758 132.77120015371722 40.992950825572684 0.0014187389867020333 3.462281157958704e-05 40.977001057259464 3836282.3112414284 2611.3539201101116
5 2875.812123262354 3959.974501207334 7735.113619476557 25615.10368075967 247.86046184175524 12.322126729016167 8.644989429888515 8.585075378417969 7.551908708744898 13.189913688472052 13.189913688472052 13.189913688472052 9.0 254.46900494077323 24.0 39.0 2968.8050576423543 60.0 2023-06-20T06:15:37.350 60114 5535.231761529324 2460115.7664741455 -5.352689545713378 1.268 rp DY-Her-S001-R041-C001-rp.fit 5 0.026048306537447347 199.1967473537421 132.7978315691614 41.68164266030627 0.0014449201273260726 3.467958349114811e-05 41.66486393052804 3830821.96506783 2608.5575082400214
5 2871.5411086989056 3961.0748179140774 7980.6520554721355 25636.078380619296 247.8605457580761 12.322161865320135 8.65206830260523 8.54184341430664 7.71799852890304 13.305672515466783 13.305672515466783 13.305672515466783 9.0 254.46900494077323 24.0 39.0 2968.8050576423543 60.0 2023-06-20T06:17:20.629 60114 5778.9688438285775 2460115.7676694635 -5.399475904329093 1.27 rp DY-Her-S001-R042-C001-rp.fit 5 0.025065276047878088 200.11967272840025 133.41311515226684 43.31634740132508 0.0015174232508220128 3.5046581134172925e-05 43.29732606477887 3808409.3153956984 2606.4203535549896
5 2875.665467460529 3959.974823610209 8323.803503394127 27134.41739767737 247.86050541692967 12.322194416996236 9.139244660719896 9.086153030395508 7.605021660020619 13.32443866653806 13.32443866653806 13.32443866653806 9.0 254.46900494077323 24.0 39.0 2968.8050576423543 60.0 2023-06-20T06:18:58.539 60114 5998.14900867046 2460115.768802643 -5.439893147912884 1.273 rp DY-Her-S001-R043-C001-rp.fit 5 0.024308830830856415 201.44118186153608 134.29412124102404 44.664270879775124 0.0015752781869488024 3.528580864071098e-05 44.64339199332749 3807676.0399307194 2607.5976799050386
5 2871.7823761115824 3960.753326064534 8482.791921243072 27593.57833569683 247.86053135341675 12.322183926476821 9.290767116396239 9.170518398284912 7.676866190347538 12.984919988663664 12.984919988663664 12.984919988663664 9.0 254.46900494077323 24.0 39.0 2968.8050576423543 60.0 2023-06-20T06:20:41.100 60114 6118.579657997263 2460115.7699896507 -5.46147656794073 1.275 rp DY-Her-S001-R044-C001-rp.fit 5 0.02390174052670113 202.04452431067588 134.6963495404506 45.42498500421346 0.0016221355549597182 3.5727791391776695e-05 45.40262612855151 3771928.7018212257 2606.2833835244433
5 2877.5625624968525 3967.9833986590756 8448.574555039406 27782.773534676475 247.8605359135848 12.322168614921834 9.386072140093404 9.10068130493164 7.624248618461475 13.463508093133209 13.463508093133209 13.463508093133209 9.0 254.46900494077323 24.0 39.0 2968.8050576423543 60.0 2023-06-20T06:22:23.210 60114 6060.110117247523 2460115.7711714394 -5.451051311006067 1.278 rp DY-Her-S001-R045-C001-rp.fit 5 0.024118097305404904 201.92518884812054 134.6167925654137 45.017490030471215 0.001647762597877737 3.662116344432205e-05 44.99481837552639 3677781.086336552 2593.7890721160784
5 2874.5878690577338 3960.1369402152804 8758.965816102922 28428.763520211673 247.86055781650848 12.322138805170717 9.581652686286374 9.376853942871094 7.620366046905014 13.07986927436765 13.07986927436765 13.07986927436765 9.0 254.46900494077323 24.0 39.0 2968.8050576423543 60.0 2023-06-20T06:24:05.400 60114 6320.732191335542 2460115.772354154 -5.4967684959613266 1.281 rp DY-Her-S001-R046-C001-rp.fit 5 0.023257089647225396 203.09054059313718 135.3936937287581 46.684095966819726 0.0016807308661373633 3.602105091013247e-05 46.659684369857885 3760704.535558258 2606.149063190252
5 2875.7924376363217 3958.8021491741215 8900.329000651836 27803.198865888175 247.860508256823 12.322162510366681 9.361346419490967 9.2879958152771 7.597711695453905 12.992712951402632 12.992712951402632 12.992712951402632 9.0 254.46900494077323 24.0 39.0 2968.8050576423543 60.0 2023-06-20T06:25:43.030 60114 6518.1564923781 2460115.773484092 -5.530161979416378 1.283 rp DY-Her-S001-R047-C001-rp.fit 5 0.02260860221120379 203.59421553030717 135.72947702020477 48.02314600687515 0.0017555840716198877 3.657769962137054e-05 47.996021887450425 3712813.6429056106 2599.585429488636
5 2873.125134668358 3964.7776444864385 9206.282653421164 27937.978187413646 247.8604821381163 12.322175070960022 9.419412740193406 9.330116271972656 7.520100389400419 12.812726296776862 12.812726296776862 12.812726296776862 9.0 254.46900494077323 24.0 39.0 2968.8050576423543 60.0 2023-06-20T06:27:25.309 60114 6809.334066297705 2460115.7746678367 -5.577611624709565 1.286 rp DY-Her-S001-R048-C001-rp.fit 5 0.021761793478436302 204.722824467917 136.48188297861134 49.89185317266487 0.001824587573756552 3.6592979145911165e-05 49.86168429963506 3731985.3342409367 2602.477866530003
5 2875.9015765124745 3963.776036581658 9428.531523019075 28750.57582111354 247.86046724027398 12.32218199163902 9.69338362141387 9.462169170379639 7.719370712041892 12.887188278694302 12.887188278694302 12.887188278694302 9.0 254.46900494077323 24.0 39.0 2968.8050576423543 60.0 2023-06-20T06:28:56.969 60114 6961.865838368699 2460115.77572868 -5.601664146105648 1.289 rp DY-Her-S001-R049-C001-rp.fit 5 0.021371753303600284 205.5572226640147 137.03814844267646 50.80239274599417 0.0018622940087539876 3.668057192567331e-05 50.77058265415263 3738328.0006505 2605.2693927170903
5 2876.761812087487 3962.840280073118 9536.98287126422 26941.73611927475 247.86051659624243 12.322179387725955 9.077404352855373 8.867795944213867 7.710281889875169 12.632266234998957 12.632266234998957 12.632266234998957 9.0 254.46900494077323 24.0 39.0 2968.8050576423543 60.0 2023-06-20T06:30:34.039 60114 7227.064818148068 2460115.776852137 -5.642254896277031 1.292 rp DY-Her-S001-R050-C001-rp.fit 5 0.02062220342848651 205.90360741084527 137.2690716072302 52.648894128365384 0.0019136336129866875 3.6371048318808543e-05 52.614200069594666 3776618.872652685 2605.412873172974
5 2870.1253203575943 3964.6830526038716 9618.131996899843 26762.610663493164 247.86048669325314 12.322165288780218 9.017052110341362 8.925335884094238 7.627198033785561 12.742036670625884 12.742036670625884 12.742036670625884 9.0 254.46900494077323 24.0 39.0 2968.8050576423543 60.0 2023-06-20T06:32:10.939 60114 7323.571718882177 2460115.7779736267 -5.6566573689585375 1.294 rp DY-Her-S001-R051-C001-rp.fit 5 0.02037917268671629 206.19419163053269 137.46279442035512 53.276755719711474 0.0019795438181110705 3.718176000877372e-05 53.23964808669522 3699625.9703260874 2593.132729896976
5 2873.5838018473128 3963.666326440343 9876.03302526474 26867.437298823148 247.86052597485047 12.32218931135298 9.04627518478894 8.837508201599121 7.544417115897585 12.418296233137655 12.418296233137655 12.418296233137655 9.0 254.46900494077323 24.0 39.0 2968.8050576423543 60.0 2023-06-20T06:33:41.798 60114 7574.0363805710895 2460115.7790252 -5.693168488800327 1.297 rp DY-Her-S001-R052-C001-rp.fit 5 0.019794923086944045 207.13245112488553 138.0883007499237 54.84922574496432 0.001993225314083859 3.6365815442755795e-05 54.81041164115892 3799889.719969929 2607.6878998801417
5 2874.7507600546933 3962.213598145853 10055.901270270348 27316.343181948963 247.8605094536323 12.322142005896763 9.188140996282867 8.990385055541992 7.654021394520429 12.858203662015496 12.858203662015496 12.858203662015496 9.0 254.46900494077323 24.0 39.0 2968.8050576423543 60.0 2023-06-20T06:35:12.939 60114 7717.804173690722 2460115.7800800363 -5.713584408886679 1.3 rp DY-Her-S001-R053-C001-rp.fit 5 0.01948821474477233 207.79387903204116 138.52925268802744 55.71245079240756 0.00206595455449566 3.71103280344776e-05 55.67060880130919 3735708.588989165 2600.222427174521
5 2868.755512163216 3962.8979266698643 10094.2526974082 26988.97927074402 247.86057511107273 12.322170270403356 9.10559354613496 9.09480619430542 7.620175890775457 12.444075828565987 12.444075828565987 12.444075828565987 9.0 254.46900494077323 24.0 39.0 2968.8050576423543 60.0 2023-06-20T06:36:55.670 60114 7777.161368328109 2460115.781269012 -5.7219027972430965 1.303 rp DY-Her-S001-R054-C001-rp.fit 5 0.019351750355359326 207.92576214205317 138.61717476136877 56.105323036027755 0.0020767000260461226 3.7042424355256604e-05 56.062745951222354 3744961.366969898 2601.9053371471437
5 2869.5168715064324 3961.6939477720475 10191.453809767962 28496.260848831924 247.86053185906493 12.32216270440236 9.610880556098456 9.150320053100586 7.631124991704571 12.391388430975116 12.391388430975116 12.391388430975116 9.0 254.46900494077323 24.0 39.0 2968.8050576423543 60.0 2023-06-20T06:38:33.710 60114 7745.7825980529615 2460115.7824036954 -5.717513280225296 1.307 rp DY-Her-S001-R055-C001-rp.fit 5 0.019466590152959515 208.31576015772123 138.8771734384808 55.774339340828774 0.0020778848606247814 3.7283434339206855e-05 55.732120644253534 3727724.641934178 2601.993732394318
