05-Working-with-time-series/star_5.ecsv
# %ECSV 1.0
# ---
# datatype:
# - {name: id, datatype: int64}
# - {name: xcenter, datatype: float64}
# - {name: ycenter, datatype: float64}
# - {name: aperture_sum, datatype: float64}
# - {name: annulus_sum, datatype: float64}
# - {name: RA, datatype: float64}
# - {name: Dec, datatype: float64}
# - {name: sky_per_pix_avg, datatype: float64}
# - {name: sky_per_pix_med, datatype: float64}
# - {name: sky_per_pix_std, datatype: float64}
# - {name: fwhm_x, datatype: float64}
# - {name: fwhm_y, datatype: float64}
# - {name: width, datatype: float64}
# - {name: aperture, datatype: float64}
# - {name: aperture_area, datatype: float64}
# - {name: annulus_inner, datatype: float64}
# - {name: annulus_outer, datatype: float64}
# - {name: annulus_area, datatype: float64}
# - {name: exposure, datatype: float64}
# - {name: date-obs, datatype: string}
# - {name: night, datatype: int64}
# - {name: aperture_net_flux, datatype: float64}
# - {name: BJD, datatype: float64}
# - {name: mag_inst, datatype: float64}
# - {name: airmass, datatype: float64}
# - {name: filter, datatype: string}
# - {name: file, datatype: string}
# - {name: star_id, datatype: int64}
# - {name: mag_error, datatype: float64}
# - {name: noise, datatype: float64}
# - {name: noise-aij, datatype: float64}
# - {name: snr, datatype: float64}
# - {name: relative_flux, datatype: float64}
# - {name: relative_flux_error, datatype: float64}
# - {name: relative_flux_snr, datatype: float64}
# - {name: comparison counts, datatype: float64}
# - {name: comparison error, datatype: float64}
# schema: astropy-2.0
id xcenter ycenter aperture_sum annulus_sum RA Dec sky_per_pix_avg sky_per_pix_med sky_per_pix_std fwhm_x fwhm_y width aperture aperture_area annulus_inner annulus_outer annulus_area exposure date-obs night aperture_net_flux BJD mag_inst airmass filter file star_id mag_error noise noise-aij snr relative_flux relative_flux_error relative_flux_snr "comparison counts" "comparison error"
5 2859.5902961685183 3945.2267114893493 10889.2173178792 22683.83177971712 247.86053412807587 12.322148054399575 7.635083062846556 7.603348731994629 7.510203537949639 11.455267051821888 11.455267051821888 11.455267051821888 9.0 254.46900494077323 24.0 39.0 2968.8050576423543 60.0 2023-06-20T05:10:26.190 60114 8946.325328236486 2460115.721207621 -5.8739617391939305 1.22 rp DY-Her-S001-R001-C001-rp.fit 5 0.017043923865596673 210.6595788218951 140.43971921459675 63.70224448089498 0.0022786595535969584 3.580248205147633e-05 63.645295606062504 3926135.1324353567 2607.8466810778946
5 2870.741325723361 3961.6598191308967 10936.662771314383 20450.072933629155 247.8605210563624 12.322184142520586 6.8809128309653955 6.492670774459839 7.519273244882025 11.349973995710847 11.349973995710847 11.349973995710847 9.0 254.46900494077323 24.0 39.0 2968.8050576423543 60.0 2023-06-20T05:12:09.650 60114 9185.68373013442 2460115.722405034 -5.9026287423301005 1.22 rp DY-Her-S001-R002-C001-rp.fit 5 0.0166084906913601 210.7699025184236 140.51326834561573 65.37235834227914 0.002326489467258848 3.56213343777679e-05 65.3116877258496 3948302.3067185073 2603.9091528083645
5 2874.0809567167785 3960.236658463782 10579.01603633631 20896.641266822815 247.86048717344082 12.32214107646305 7.050148875446294 6.857331275939941 7.400646398426735 11.612096023924417 11.612096023924417 11.612096023924417 9.0 254.46900494077323 24.0 39.0 2968.8050576423543 60.0 2023-06-20T05:13:47.158 60114 8784.97166731718 2460115.723533561 -5.854200934622736 1.22 rp DY-Her-S001-R003-C001-rp.fit 5 0.017261972513674628 209.50660771412643 139.6710718094176 62.897574662449436 0.0022379709123360007 3.561208043229597e-05 62.84302644409463 3925418.162896229 2600.8960048942063
5 2871.8609113355064 3961.915767341328 10404.127108912915 20486.75163713866 247.86049279474713 12.32218850612952 6.886303071307112 6.452661991119385 7.5115319758187535 11.489710876861254 11.489710876861254 11.489710876861254 9.0 254.46900494077323 24.0 39.0 2968.8050576423543 60.0 2023-06-20T05:15:30.390 60114 8651.776418636804 2460115.7247283356 -5.837613241094571 1.221 rp DY-Her-S001-R004-C001-rp.fit 5 0.017474192242345282 208.8667629588475 139.24450863923167 62.13369922581777 0.002207140419615525 3.555262206218189e-05 62.0809462591877 3919903.030068159 2601.3550456986154
5 2875.7232974182957 3960.916409076142 10254.18805551529 20975.336862241045 247.86049836068136 12.32217380695964 7.079087702410073 6.974335670471191 7.442710386160758 11.635702965572706 11.635702965572706 11.635702965572706 9.0 254.46900494077323 24.0 39.0 2968.8050576423543 60.0 2023-06-20T05:17:02.209 60114 8452.779651994533 2460115.72579102 -5.8123488913952865 1.221 rp DY-Her-S001-R005-C001-rp.fit 5 0.01784070514423804 208.34280287325802 138.89520191550534 60.85724730172209 0.0021507567670346166 3.5369714207163936e-05 60.8078638814388 3930142.06978361 2603.2136308003746
5 2875.518365022358 3961.838603829398 10095.938971221447 21372.604497146447 247.86052485014417 12.322164806635959 7.196163130352339 7.051610231399536 7.451729065001709 11.392687971443415 11.392687971443415 11.392687971443415 9.0 254.46900494077323 24.0 39.0 2968.8050576423543 60.0 2023-06-20T05:18:40.240 60114 8264.738500049207 2460115.7269256 -5.787922813822535 1.221 rp DY-Her-S001-R006-C001-rp.fit 5 0.018197468023757858 207.78156869978275 138.52104579985516 59.664135888713076 0.0021041853630647095 3.529471204624698e-05 59.61758124864644 3927761.6150754695 2602.111140401891
5 2873.780366303004 3962.058642411472 9967.662513554096 21351.508170492016 247.86050944877954 12.322162284635072 7.206043931991905 7.057400226593018 7.542397832121744 11.33815223070677 11.33815223070677 11.33815223070677 9.0 254.46900494077323 24.0 39.0 2968.8050576423543 60.0 2023-06-20T05:20:18.018 60114 8133.947684620619 2460115.7280572513 -5.770603458708644 1.222 rp DY-Her-S001-R007-C001-rp.fit 5 0.018448896440712043 207.3188097578481 138.2125398385654 58.8510108715259 0.0020722055218180407 3.523782782349985e-05 58.80627864456793 3925261.080032416 2602.01983732363
5 2877.8684775402007 3961.3551136000447 9817.508955389261 20720.38169636377 247.86048703283984 12.322178974928804 6.98361364892611 6.845855712890625 7.373481185936324 12.032549303245451 12.032549303245451 12.032549303245451 9.0 254.46900494077323 24.0 39.0 2968.8050576423543 60.0 2023-06-20T05:21:49.759 60114 8040.3957392562315 2460115.7291190326 -5.758043583584066 1.222 rp DY-Her-S001-R008-C001-rp.fit 5 0.01861300477991903 206.7573002143972 137.83820014293147 58.332129488913345 0.002056646419647439 3.5284068054228177e-05 58.28824546213247 3909469.1544667934 2601.174149548801
5 2879.4152890316063 3960.4026899517708 9453.25079037249 20443.10000970752 247.8605110908455 12.322160869914477 6.869321239821075 6.792927980422974 7.528744513325828 12.00907994406852 12.00907994406852 12.00907994406852 9.0 254.46900494077323 24.0 39.0 2968.8050576423543 60.0 2023-06-20T05:23:27.690 60114 7705.221449856703 2460115.730252455 -5.711812834075674 1.223 rp DY-Her-S001-R009-C001-rp.fit 5 0.019297284922860588 205.4226243357452 136.94841622383015 56.26367695456365 0.001982383785582654 3.525871870057481e-05 56.22393151655667 3886846.485476079 2598.0293437053942
5 2868.6259442892356 3964.079279140669 9513.845502641052 20588.276270807255 247.86053772502848 12.322200999299039 6.9414282774131 6.852642059326172 7.508568097081963 11.921950359600542 11.921950359600542 11.921950359600542 9.0 254.46900494077323 24.0 39.0 2968.8050576423543 60.0 2023-06-20T05:25:05.759 60114 7747.467156019995 2460115.7313874746 -5.71774938118669 1.223 rp DY-Her-S001-R010-C001-rp.fit 5 0.01921325374809081 205.64947317052716 137.09964878035143 56.50975203030812 0.001971385936868372 3.491016505194853e-05 56.47025540941514 3929959.6345539354 2601.5112379702687
5 2872.718165131907 3962.8213355982493 9420.664273947477 21511.857762203435 247.86052648617547 12.322188586414446 7.243049751583649 7.021770000457764 7.367924436093012 11.653522648290366 11.653522648290366 11.653522648290366 9.0 254.46900494077323 24.0 39.0 2968.8050576423543 60.0 2023-06-20T05:26:43.789 60114 7577.532610925471 2460115.732522043 -5.693669556900328 1.224 rp DY-Her-S001-R011-C001-rp.fit 5 0.019613939458151 205.33339293892814 136.8889286259521 55.3553357965933 0.0019246668472609006 3.479260905590273e-05 55.3182672839642 3937061.9500769577 2604.1667839302213
5 2876.5060341848593 3961.347256738302 8915.599428251386 21019.48946531139 247.86052923953412 12.322151736806022 7.0939890196798485 7.1288628578186035 7.538546426830535 12.201463944116666 12.201463944116666 12.201463944116666 9.0 254.46900494077323 24.0 39.0 2968.8050576423543 60.0 2023-06-20T05:28:15.429 60114 7110.399101352683 2460115.7335826554 -5.624584966771292 1.224 rp DY-Her-S001-R012-C001-rp.fit 5 0.02071265299284394 203.46824838582341 135.6454989238823 52.41898299436162 0.001799307321765066 3.434597835510386e-05 52.387714892322656 3951742.437405077 2605.048804734444
5 2874.824393656153 3961.2338896296565 8800.513709135354 20664.08280179518 247.8605157123207 12.322129699207206 6.959947053484399 6.810374736785889 7.473083331455294 12.13365126220349 12.13365126220349 12.13365126220349 9.0 254.46900494077323 24.0 39.0 2968.8050576423543 60.0 2023-06-20T05:29:53.170 60114 7029.422907994712 2460115.7347138785 -5.612149202593445 1.225 rp DY-Her-S001-R013-C001-rp.fit 5 0.0209064152507573 203.03279048485365 135.3551936565691 51.9331598448314 0.0017908287090761597 3.4503753923954325e-05 51.90243105208538 3925234.653860894 2601.2317414616505
5 2872.7154267121828 3961.664572503823 8523.119568683207 21186.32634539518 247.86055218404803 12.322189519681828 7.135845855640007 6.987540245056152 7.440289539273784 12.088320032650048 12.088320032650048 12.088320032650048 9.0 254.46900494077323 24.0 39.0 2968.8050576423543 60.0 2023-06-20T05:31:31.079 60114 6707.267974387754 2460115.7358470466 -5.561214166640493 1.226 rp DY-Her-S001-R014-C001-rp.fit 5 0.021801241395520334 202.01974596684397 134.67983064456266 49.8015771351027 0.0017153470242262984 3.446249067705249e-05 49.774319572569226 3910152.219731191 2598.75811146449
5 2875.767890483827 3961.1056701449315 8378.386436220258 21052.66644362065 247.86053923282054 12.322146691640206 7.097999475259828 6.813999176025391 7.40661934713226 11.936202310347003 11.936202310347003 11.936202310347003 9.0 254.46900494077323 24.0 39.0 2968.8050576423543 60.0 2023-06-20T05:33:02.690 60114 6572.165572680759 2460115.7369073234 -5.539121261903167 1.227 rp DY-Her-S001-R015-C001-rp.fit 5 0.02218980889316422 201.47863366869018 134.31908911246012 48.92949778104989 0.0016640643974238029 3.40271404066907e-05 48.904033002332476 3949465.8877717485 2605.1740893986544
5 2876.0856885643852 3961.20188992996 8240.952430155128 21049.518220851198 247.86049873727788 12.32215034934716 7.09693803804828 7.087904930114746 7.552582668779236 12.066608797201742 12.066608797201742 12.066608797201742 9.0 254.46900494077323 24.0 39.0 2968.8050576423543 60.0 2023-06-20T05:34:40.509 60114 6435.001669486659 2460115.7380394493 -5.516221681462828 1.228 rp DY-Her-S001-R016-C001-rp.fit 5 0.022605162625135143 200.96630087751672 133.97753391834448 48.030453175892994 0.0016236008190543476 3.382043081001806e-05 48.00650908838853 3963413.66299302 2606.5793136127872
5 2872.0225928814834 3962.993671416283 8167.247302170843 21836.14078936912 247.86046486676543 12.32222118805126 7.327564023278229 7.067766189575195 7.5589378396516675 12.561581624688573 12.561581624688573 12.561581624688573 9.0 254.46900494077323 24.0 39.0 2968.8050576423543 60.0 2023-06-20T05:36:23.800 60114 6302.609376527424 2460115.7392349066 -5.4936509997607965 1.229 rp DY-Her-S001-R017-C001-rp.fit 5 0.02305055281311695 200.70984502274865 133.8065633484991 47.102393326643345 0.0016067182846684252 3.412786090616375e-05 47.07937274727464 3922659.894188034 2604.645076444883
5 2875.475959285077 3961.2536536732314 7838.482002452016 21302.621624315474 247.86052062258418 12.322164894059243 7.17743316183136 6.997243404388428 7.334825758910514 12.401153486098655 12.401153486098655 12.401153486098655 9.0 254.46900494077323 24.0 39.0 2968.8050576423543 60.0 2023-06-20T05:37:55.908 60114 6012.047727731882 2460115.740300935 -5.442406070815372 1.23 rp DY-Her-S001-R018-C001-rp.fit 5 0.024014738706236556 199.46524018360114 132.97682678906742 45.211243739996945 0.00152736523361492 3.3797984174166806e-05 45.19101570508304 3936221.406259691 2605.238284691587
5 2871.804060049314 3962.1278806048217 7171.135539572686 21523.07578679005 247.86053942156593 12.322170536696278 7.256600062977091 7.2167887687683105 7.4659160677568615 12.548855119386833 12.548855119386833 12.548855119386833 9.0 254.46900494077323 24.0 39.0 2968.8050576423543 60.0 2023-06-20T05:39:33.289 60114 5324.555742293754 2460115.741427992 -5.310558466642891 1.231 rp DY-Her-S001-R019-C001-rp.fit 5 0.026773066116816346 196.94657266831885 131.29771511221256 40.553300853279616 0.0013657204426521232 3.368947439210957e-05 40.538490650123926 3898715.707845655 2598.9429061043975
5 2875.760512303068 3960.9234553858287 7226.656162977219 20745.40419374022 247.86047994304894 12.322204997146912 6.99676364038456 6.825680732727051 7.508778381638362 12.589193286653588 12.589193286653588 12.589193286653588 9.0 254.46900494077323 24.0 39.0 2968.8050576423543 60.0 2023-06-20T05:41:05 60114 5446.196681602778 2460115.7424894264 -5.3350833247079485 1.232 rp DY-Her-S001-R020-C001-rp.fit 5 0.026200308496661915 197.13632906552454 131.42421937701636 41.439825227185 0.001395221079658343 3.3681428137069097e-05 41.42404751901808 3903465.021426156 2600.066276725471
5 2873.6904927033834 3961.053802986346 6992.79012876749 21117.05980373267 247.86056063291835 12.32219246968418 7.117310348410068 7.059640407562256 7.708492336082128 12.964087501385267 12.964087501385267 12.964087501385267 9.0 254.46900494077323 24.0 39.0 2968.8050576423543 60.0 2023-06-20T05:42:42.170 60114 5181.655246552912 2460115.743614041 -5.281021307922313 1.233 rp DY-Her-S001-R021-C001-rp.fit 5 0.02741475966984228 196.2546232989791 130.83641553265275 39.604075252732144 0.0013271440228569884 3.3521942467788646e-05 39.590307874677784 3904365.432319987 2600.1267077879743
5 2873.8052053086444 3961.276103663034 6954.8235654085875 21310.841952132992 247.86050416302282 12.322195225265435 7.168127128198114 7.114836692810059 7.444324462147333 13.067611110256728 13.067611110256728 13.067611110256728 9.0 254.46900494077323 24.0 39.0 2968.8050576423543 60.0 2023-06-20T05:44:25.289 60114 5130.757387807051 2460115.7448075074 -5.270303719579646 1.234 rp DY-Her-S001-R022-C001-rp.fit 5 0.02766683961457787 196.1137167979512 130.7424778653008 39.24323197463859 0.001318855452540679 3.361876099154311e-05 39.22974594073948 3890310.631027092 2599.5980776994097
5 2879.5906980330083 3958.723317738311 6552.261780321598 22786.433610816253 247.8605382996617 12.322140914451518 7.677369814965045 7.502351760864258 7.470553930912672 13.077731837449269 13.077731837449269 13.077731837449269 9.0 254.46900494077323 24.0 39.0 2968.8050576423543 60.0 2023-06-20T05:46:02.450 60114 4598.609122945115 2460115.745932018 -5.151416263074219 1.235 rp DY-Her-S001-R023-C001-rp.fit 5 0.030631887597660064 194.6109153092517 129.74061020616782 35.44463923545273 0.0011737918965118417 3.31253912882039e-05 35.434808491751596 3917738.0050167367 2603.8027937580887
5 2872.440835386052 3961.1224813594413 6501.098811477423 20845.586374241393 247.86050822038246 12.322176079521162 7.023445543881871 6.974655389785767 7.512546976795218 13.061374764701506 13.061374764701506 13.061374764701506 9.0 254.46900494077323 24.0 39.0 2968.8050576423543 60.0 2023-06-20T05:47:45.920 60114 4713.849612670096 2460115.747129547 -5.1782893291420775 1.237 rp DY-Her-S001-R024-C001-rp.fit 5 0.02984428109651336 194.35860972401252 129.572406482675 36.38004217588086 0.001206965943578681 3.318632625223905e-05 36.369374977058456 3905536.554489206 2600.2890386533877
5 2871.868514560358 3961.030146088862 6206.742470338941 21790.19307004474 247.86050088639237 12.3221777367741 7.339236466838916 7.182620048522949 7.483578663263456 13.4545862133599 13.4545862133599 13.4545862133599 9.0 254.46900494077323 24.0 39.0 2968.8050576423543 60.0 2023-06-20T05:49:23.890 60114 4339.134269597405 2460115.7482634205 -5.088357744400579 1.238 rp DY-Her-S001-R025-C001-rp.fit 5 0.03223597245375308 193.24612941484892 128.83075294323262 33.68088884421394 0.0011129819640932936 3.305324012704405e-05 33.67240124766635 3898656.4109620075 2599.136581457404
5 2872.6033051329023 3960.210306229446 6071.570584088564 21148.82340403227 247.86054765611607 12.322185646106233 7.116024025582864 7.0345618724823 7.535172395404092 13.507517466307068 13.507517466307068 13.507517466307068 9.0 254.46900494077323 24.0 39.0 2968.8050576423543 60.0 2023-06-20T05:51:01.820 60114 4260.763031163857 2460115.7493968313 -5.06856847398495 1.239 rp DY-Her-S001-R026-C001-rp.fit 5 0.032736449878472476 192.70185718879668 128.46790479253113 33.165972762183394 0.0010961055496280863 3.3057221058348674e-05 33.15782496336795 3887183.1573241767 2598.430297752296
5 2875.6338062235195 3963.7953747622255 6312.176406241953 22034.218860843685 247.86053372745113 12.322193005755905 7.418928909374978 7.266786575317383 7.413268957169796 13.425260321825302 13.425260321825302 13.425260321825302 9.0 254.46900494077323 24.0 39.0 2968.8050576423543 60.0 2023-06-20T05:52:44 60114 4424.288948946967 2460115.7505794303 -5.109458728834056 1.241 rp DY-Her-S001-R027-C001-rp.fit 5 0.03168349981532633 193.66162441397756 129.10774960931838 34.268190424935135 0.001134595180448916 3.3117935389500436e-05 34.25923648636089 3899442.7485549916 2601.7943417835886
